6.152671894353297745e-07
6.054483745172829047e-07
5.670177254989653615e-07
5.702635407202181945e-07
6.637199119651150690e-07
5.565630504885228658e-07
6.321363974890941358e-07
6.277944532810400712e-07
6.425755181062534223e-07
7.164939346612851423e-07
5.320819229481960190e-07
5.490456577801612627e-07
5.540349122526936677e-07
6.092251215177933513e-07
5.786610789400131445e-07
5.488916393273720964e-07
5.594182877294055306e-07
6.454221810148919928e-07
5.437245006492626318e-07
5.846811842760975082e-07
4.845398814060613628e-07
5.583553387872009829e-07
6.043630495856939437e-07
6.664104871616367722e-07
6.269714856672989041e-07
5.342998912336872200e-07
5.731038473990992091e-07
5.650978510004882460e-07
4.943724707807464374e-07
5.657269840743324241e-07
5.724580939140611490e-07
6.119740588623753045e-07
6.040217443091350023e-07
6.250666017716832553e-07
4.119111457591430731e-07
5.730203188805873839e-07
5.872695503320600492e-07
5.607093400218155297e-07
6.134183696583026338e-07
5.959411115406790584e-07
6.242468198624403672e-07
5.729393034927871523e-07
5.404899380703122889e-07
5.174655165708532763e-07
5.761890055094855701e-07
4.860405067331837376e-07
6.012525686732739438e-07
6.860532477496772087e-07
5.984388303663207805e-07
6.199672071111584020e-07
6.141832129735963615e-07
5.973048397700541288e-07
5.545142345695013448e-07
5.675032659494129242e-07
4.932555820951243665e-07
5.984449438653651106e-07
5.268987846143127851e-07
5.484411551993704995e-07
5.720629358768491500e-07
6.894927921066107748e-07
5.957819919653244613e-07
5.779106300324644704e-07
4.417261961154783217e-07
5.500340012584858854e-07
6.147148996125764112e-07
5.131212478535653732e-07
5.609380787202897745e-07
5.557316958673132668e-07
6.112932743399848716e-07
5.696883454490270874e-07
5.382300888718968295e-07
6.017119722823952915e-07
6.949439845524960869e-07
6.517318829297290628e-07
5.307727248553188508e-07
5.317361465659636632e-07
5.237091711614089899e-07
4.660397078591694525e-07
5.681556328413192971e-07
5.686364362190045810e-07
6.005773875560916810e-07
5.557057632913392855e-07
4.822637825578134810e-07
5.532200265063620812e-07
5.934167971597787405e-07
4.749501397809353425e-07
6.754338562054022261e-07
4.671371789934622525e-07
5.502598247984673624e-07
5.335133012090420413e-07
5.703865670689045967e-07
6.065602880963770886e-07
5.379652087509469857e-07
6.641577424052210394e-07
5.923550887143369387e-07
5.766117705056323356e-07
5.008373494592131904e-07
5.331294799309075520e-07
6.637674138260178015e-07
5.065097092296059660e-07
5.342066845652251971e-07
6.249805242821891557e-07
6.195949607065086966e-07
5.349021777751984267e-07
4.988829305382275173e-07
5.528315435246527303e-07
5.336066577371481784e-07
5.392415510937190254e-07
5.648239884770210687e-07
5.955602935808431272e-07
5.668962610746079491e-07
6.198103307963250770e-07
5.543270639919811971e-07
5.403124755865719872e-07
5.946627340815127570e-07
4.930384476076890751e-07
5.577422153151489889e-07
5.781179841568415279e-07
5.665098733142874700e-07
5.574534230942797249e-07
4.866409626116671256e-07
6.160961798007840227e-07
5.704604696345313809e-07
5.142986412725684656e-07
5.259384371246600669e-07
6.573511243888002932e-07
5.352749698801169164e-07
5.381260959018156347e-07
5.398983590077672790e-07
4.632633384612362991e-07
4.911385981068989319e-07
4.958392534066056347e-07
3.985647742764279813e-07
3.931498350457748585e-07
3.471353358288522209e-07
2.730745425484038134e-07
3.697738006131451032e-07
4.289741471768316447e-07
4.647066776740032799e-07
3.687874813796286558e-07
4.050736349385997637e-07
4.181638464430180924e-07
4.656567589330149914e-07
2.869477181529938363e-07
4.018421697632666135e-07
4.861371247179132372e-07
3.738898724472889633e-07
4.001215453194316407e-07
4.509008425291307665e-07
3.820199509380237207e-07
4.250761077835591620e-07
4.155365485433261064e-07
4.480084095095760785e-07
4.422509114346854522e-07
4.974392106400238446e-07
4.465326265700189866e-07
4.914157627383253425e-07
4.469221198852882819e-07
4.819437507482382906e-07
4.963161716806938019e-07
6.479089400006531707e-07
6.310721744086170024e-07
4.594068136751238938e-07
5.928566366910131867e-07
5.459362136360803488e-07
4.993698970672540995e-07
4.948752601582140610e-07
6.278601385449868047e-07
4.847678142870564256e-07
5.714143721517687001e-07
5.129667185904851695e-07
6.370286227423458803e-07
5.795204126166479823e-07
7.330931949184700129e-07
6.203645940150437482e-07
4.980090923025903301e-07
5.544768209760620367e-07
5.086429643083348017e-07
5.457568864143172901e-07
6.083461507138596495e-07
5.632832047222870444e-07
6.204599993149114790e-07
5.134119011889479605e-07
6.061866713880305028e-07
5.486094402851722439e-07
6.087338117573640601e-07
5.827577959033152760e-07
5.190264711314828262e-07
5.855905445712473371e-07
4.990583095390958964e-07
5.605613737511442011e-07
6.013466146336320695e-07
4.755228085252904278e-07
6.512647768858147050e-07
5.774960226954035136e-07
5.567022921846558871e-07
6.548422858680172718e-07
5.489694380936338256e-07
5.743661107787000977e-07
5.593352928868694354e-07
