6.093682001931179981e-07
5.609383527797417876e-07
6.337102526580581917e-07
6.540673806749958490e-07
4.977771124626462264e-07
7.051455180520968460e-07
5.697765522631657219e-07
4.871773040188550723e-07
4.760605547963200132e-07
6.262210965110805267e-07
6.853076124468048041e-07
5.406872614048623961e-07
5.735993842172862815e-07
5.844086032946469137e-07
6.396284139181513467e-07
4.808931866344646061e-07
5.200600205481863092e-07
5.846796620768846611e-07
5.320516429624571512e-07
5.492695749525182326e-07
5.552460024978567454e-07
5.201117862589541551e-07
6.097734308585279668e-07
4.773836498448601545e-07
5.951833779832901423e-07
5.764678852861189189e-07
5.027864859954074693e-07
6.168082013629844961e-07
5.687623311759051361e-07
6.124807790231461375e-07
6.596833919533294484e-07
5.251283898830456355e-07
6.385381774543241242e-07
5.171030616317795128e-07
5.243556401636297501e-07
5.616264575007574008e-07
5.916774376477271355e-07
6.054615755580860992e-07
5.758819232542205609e-07
5.719528421384493573e-07
5.893034492911439981e-07
6.351545031290733116e-07
5.606774014490060878e-07
5.780602227073750423e-07
5.596036157293125125e-07
5.331135725561674722e-07
4.992921178598756833e-07
5.406150488591674513e-07
6.307088941208931207e-07
7.321504868784558753e-07
6.052861661938756287e-07
6.121580826341020208e-07
5.983350998234099452e-07
6.117741224169914102e-07
6.081434678104336808e-07
5.665935878683150026e-07
6.265423135013707892e-07
6.931342065934706409e-07
6.825388194670248768e-07
6.051883048170213756e-07
4.759389075912685078e-07
5.632099979251877387e-07
5.860194656470807292e-07
5.657062947126007762e-07
6.774492827095841804e-07
7.011818617813285060e-07
5.393826772505212433e-07
5.979960397318446845e-07
5.989064798830949449e-07
6.092411006011494880e-07
6.188049579449488880e-07
6.068506979227428150e-07
5.927278583307013560e-07
5.995232411535769881e-07
5.250684638085304417e-07
5.387974207446153269e-07
6.199337596048467958e-07
4.656111881843583288e-07
5.525651486554866165e-07
6.152589411398910794e-07
7.661722350899241333e-07
6.099041782702345232e-07
5.618349899734796547e-07
5.789910219751770907e-07
5.886309734701360883e-07
6.010433278614779154e-07
5.403878705795032946e-07
5.299243077067139751e-07
5.984602015797876083e-07
5.081728423189102501e-07
4.917662111174779993e-07
6.332683514933144295e-07
5.499775068697719284e-07
5.207470303807501778e-07
5.392860347793553523e-07
6.610039146940432459e-07
5.672732931361038522e-07
6.514409156113085477e-07
5.596635550435725941e-07
6.358814076590225717e-07
6.447428186716390458e-07
5.568226447689515327e-07
6.826417846762237669e-07
5.389393967394107540e-07
5.371490861149909517e-07
6.371109120334542991e-07
6.530369338477341531e-07
5.816424056470606988e-07
5.696660206687160016e-07
6.350745180118392567e-07
6.235688543996485045e-07
5.597944138471730046e-07
6.115225733400199119e-07
6.006811530871349705e-07
4.803563460133424907e-07
5.888493305447922028e-07
5.432922536641398032e-07
5.656045964559782486e-07
5.195442606806950525e-07
6.287705586589514492e-07
5.475480290796142148e-07
6.115614361693680224e-07
5.742170657280485452e-07
5.439964608890208707e-07
6.128288596498781467e-07
5.536512622798036854e-07
6.689941901139126594e-07
4.823771918924131445e-07
5.993181268374669019e-07
5.955189814443532568e-07
6.269119516269967931e-07
6.251379458774599141e-07
6.798724134759771721e-07
6.078415295606660464e-07
5.926321157774441905e-07
5.397386097970942911e-07
6.567537983815395467e-07
4.621527640534890851e-07
6.102973302869676237e-07
5.214422988207323763e-07
5.333320402627335402e-07
5.811094885850686746e-07
6.000641829988855904e-07
7.033214351579866182e-07
6.068285446518316112e-07
5.455135970936471066e-07
5.236391617898149416e-07
6.762254334457555530e-07
5.304664309051893079e-07
6.729334918165391150e-07
5.607332832837462071e-07
5.981126975186616097e-07
5.983016563818790098e-07
5.442020935683453282e-07
6.177262375156166108e-07
5.623274231045823665e-07
4.987440230552943238e-07
6.221223688732626744e-07
7.135092103017100464e-07
5.799771879027743816e-07
5.165716928257781074e-07
5.630401914578123571e-07
6.703304955465624519e-07
5.880585497756920376e-07
6.069614957499198260e-07
5.779905031705970687e-07
6.262753880385928519e-07
4.845981738560928397e-07
6.659145602051738622e-07
6.044659563034215552e-07
5.616008486932689969e-07
5.157953172439044664e-07
6.020292218279940072e-07
6.015155126410623023e-07
6.352088678915778287e-07
5.580686152614659143e-07
6.318198949902891828e-07
5.347793415689222455e-07
5.642798064996212776e-07
5.820981220935522162e-07
6.085116449365040535e-07
5.653203714791197446e-07
5.144550347777734463e-07
5.025369253204185495e-07
6.864696015698000833e-07
6.498754888217358162e-07
5.134774885375989037e-07
4.999613598005450176e-07
5.842379710434183208e-07
5.452605567926218325e-07
7.111047987901994675e-07
6.216875370677138414e-07
6.087713850159845300e-07
5.275227025076834997e-07
5.338731834486912533e-07
5.835250287237557205e-07
5.380666761995673275e-07
5.691102026631133319e-07
6.812825368977616555e-07
5.548329939894346477e-07
5.404118232212263200e-07
5.822594183062820120e-07
5.854241824145120768e-07
5.624174770825139092e-07
4.927051810769803777e-07
5.216338919974429427e-07
6.126058881806801121e-07
5.330221835736670615e-07
5.163989730952028227e-07
5.415436833492936069e-07
4.989862617511628327e-07
5.650710118482632410e-07
5.474194435378140991e-07
5.215307051396398418e-07
5.088447131237191071e-07
5.172783918337204187e-07
5.993222357162547695e-07
6.665260200232921772e-07
6.109894416922930287e-07
4.676216609247373022e-07
6.677846179038942500e-07
5.855643797163980336e-07
6.138207078943003474e-07
5.637224627772872538e-07
5.270323756281012027e-07
5.574332133694403462e-07
5.962054000950510786e-07
6.351099203604128913e-07
5.806306082209325173e-07
6.616030514104737526e-07
5.368835239213996295e-07
6.245552975553885601e-07
5.969069625053220757e-07
6.231881768670278066e-07
5.921056416757824097e-07
5.935723569900471652e-07
5.709827538216631746e-07
6.650318203428238843e-07
5.693525947501864683e-07
5.770346617454188445e-07
6.028363347868557625e-07
5.871077802898288547e-07
5.798453125002219595e-07
5.926984544633552492e-07
5.495169092942727163e-07
5.892037728099336783e-07
5.432653150511267158e-07
5.186919098095323478e-07
6.665667440485311367e-07
6.465446953212901870e-07
5.644893984062499528e-07
6.202267194400608788e-07
6.152830062256717454e-07
5.810616912344592322e-07
6.292555730323331993e-07
5.974600918823615966e-07
6.744432510974144371e-07
6.190454936045492095e-07
5.388462400505917462e-07
5.251107488990203176e-07
6.490320471597145701e-07
5.871342699432899482e-07
5.412568815704608932e-07
4.669792020270282195e-07
5.183567018909662580e-07
6.137593380127181390e-07
5.416353408552380578e-07
7.460576541445037793e-07
6.215878667870215471e-07
5.541200813625959755e-07
5.068473697900483300e-07
6.175042621296229533e-07
5.989398968078934424e-07
6.519969736954995931e-07
5.831978384159186676e-07
4.658772505740326570e-07
6.822004859393241417e-07
5.862661690135292283e-07
5.831178369728111805e-07
6.053991083991204440e-07
6.500557160142890320e-07
6.284218468571012420e-07
5.037576189437634158e-07
5.310523402078273675e-07
4.974805900572403703e-07
5.830362250460343110e-07
4.802137684385673426e-07
4.820468215106598728e-07
5.664106414350810642e-07
5.879228551011178601e-07
5.398288120513853752e-07
5.868684519408076003e-07
5.713452627357296508e-07
6.486013609286523881e-07
5.971696632823958495e-07
5.852973760673543037e-07
6.324794185783834938e-07
5.138463589245524324e-07
6.022664861199982219e-07
6.037100965330958835e-07
5.891206733424400978e-07
6.362622886900652972e-07
5.487738520444373140e-07
5.103049142313739795e-07
5.080154531574999419e-07
5.756736341400481292e-07
5.557879985945180455e-07
4.587966697827044932e-07
6.325146533802122135e-07
6.417512483820191782e-07
5.833958991380124209e-07
6.068008010569036746e-07
5.858743258029063524e-07
4.850910225932551657e-07
6.012873308472498494e-07
5.829291192495448263e-07
5.677820525688532438e-07
6.166345593738321190e-07
5.988624910352041587e-07
4.928170151029487680e-07
5.476310639035189066e-07
6.783399230472948357e-07
5.370310462780527208e-07
5.550228692216744855e-07
5.913199817028763182e-07
6.270915302959368777e-07
5.529776802826041461e-07
6.339610040182677307e-07
5.295670178600627247e-07
5.947992161368406283e-07
6.332586153774221575e-07
5.818040355656619505e-07
6.673114327089338778e-07
6.138129223926211854e-07
5.599213022841870830e-07
5.400650717118076892e-07
5.795565871041239505e-07
6.554668979288732698e-07
4.871406741691459313e-07
5.971195286519860065e-07
7.000653347408225426e-07
7.018738350080019856e-07
6.576636112907723260e-07
6.855640972667836592e-07
5.813936913481690172e-07
6.091216696806148590e-07
5.817739548271991917e-07
4.959480416755368118e-07
4.800984610073750035e-07
6.036659439738008036e-07
5.525041251501385343e-07
7.021682223545579888e-07
4.718777445535760365e-07
4.731576060233312918e-07
5.555712231376369584e-07
5.724251116160873474e-07
5.371152681233795818e-07
6.157944673839234421e-07
6.050236039698368371e-07
8.102920305647834542e-07
5.974113313660027361e-07
5.224005607061310141e-07
5.019563505080197336e-07
6.415789410806202535e-07
5.830165213127754604e-07
6.193244333684002018e-07
5.419160012610810419e-07
5.790661142949481965e-07
5.412355163590523773e-07
5.223487552055618722e-07
6.732032077585192281e-07
5.543319554374797183e-07
5.593124873925219157e-07
6.242500302419937109e-07
5.882425119510914560e-07
6.394825287875580173e-07
6.266125204040531983e-07
6.472474396099996210e-07
5.708409298062726928e-07
5.412047035539233526e-07
5.668969399988061514e-07
6.788181721837225308e-07
6.171436560411602492e-07
5.890171540812457747e-07
4.781672289790362056e-07
5.931546678012827684e-07
6.273830378072155189e-07
5.369385777709122822e-07
5.559539362832319714e-07
5.874845497487486981e-07
5.992959641016866198e-07
6.077825957968852055e-07
5.309086510132228303e-07
5.841362326450312378e-07
5.355129616906859149e-07
6.139356650301723210e-07
6.711401614398291782e-07
5.614126786625503054e-07
6.198846565680183005e-07
6.101057465614464476e-07
4.869110592962537311e-07
5.016043695568849459e-07
6.204043657502177979e-07
5.590759739910936152e-07
5.342488491046096971e-07
6.093294784618663435e-07
6.270738876300463279e-07
5.329980726820033103e-07
5.098086728823372645e-07
5.259392212418845416e-07
5.187611113555159022e-07
6.602859276932684496e-07
4.673681423019331184e-07
5.350076639974795683e-07
6.577649088116589964e-07
5.645579069033131466e-07
5.498980776819009425e-07
6.640277485281017304e-07
4.546033868066757532e-07
5.790936947225379362e-07
6.120316741307185112e-07
5.083128127535838917e-07
4.904235547213959331e-07
6.182442517782838070e-07
5.858164983095389686e-07
6.220081682747422511e-07
5.194426839306238656e-07
3.919482367342146894e-07
4.573792736138466231e-07
5.711402548597760675e-07
4.164929301227212901e-07
5.153098634290828095e-07
4.282568392503031787e-07
3.520015482548052776e-07
3.318116069730080881e-07
4.321068115152317671e-07
4.095610454842232736e-07
3.317494316996790624e-07
3.992673687126960456e-07
3.480451976598729085e-07
4.214312957362919871e-07
4.458587728474679408e-07
3.463907366761414990e-07
4.518471008465142205e-07
3.675983313268437201e-07
4.115467089648269857e-07
3.720216605018718438e-07
4.313565694536829308e-07
3.930124802947229896e-07
4.282938005552029912e-07
4.353943687518248020e-07
5.112531577835974778e-07
4.495321724894115276e-07
4.436240359105218489e-07
5.105281543990007792e-07
4.917208881372033004e-07
4.576528126835887368e-07
5.258893035958803386e-07
4.778560713748126155e-07
5.830807894328194968e-07
4.947760645152714269e-07
5.505686172687741936e-07
5.374948079098067156e-07
5.067481960218506728e-07
5.087370525001692906e-07
5.222443008523596503e-07
5.218777069772956579e-07
5.082949687204271736e-07
5.043432817657532194e-07
5.418036035231309245e-07
5.426123396074310177e-07
5.423352327268070891e-07
6.161032700157498577e-07
5.306585332266409108e-07
5.005885477706117103e-07
5.478609102283169393e-07
5.814406870427025849e-07
5.792804063744085475e-07
6.351617325634472304e-07
6.671415430345347666e-07
6.486632196736376962e-07
5.917731586539220666e-07
6.048409915107027957e-07
5.453048583454213455e-07
5.613639916723016610e-07
6.188936694974993223e-07
5.131602940415888727e-07
5.640948296073010353e-07
5.806821011804996311e-07
6.445922734159943613e-07
4.438007830268554162e-07
6.046702708191962161e-07
6.153337468428820371e-07
5.597614117294081428e-07
6.289567778109795691e-07
6.392033272217925644e-07
5.895023687901687056e-07
6.629082307143575542e-07
5.865781643256251002e-07
6.288133645895975100e-07
5.669969301318658931e-07
5.615967505657151100e-07
6.796306883786223106e-07
6.246096605415097680e-07
5.702698685596232678e-07
6.954313361699845868e-07
6.275771431033637726e-07
5.733338839172598828e-07
6.580198848761715306e-07
5.685563582148914389e-07
6.221840221478289628e-07
5.889831341385676124e-07
6.083812683639922849e-07
5.592179501104914005e-07
6.109409257613864387e-07
5.917241238374264634e-07
6.247397266925243238e-07
6.074819709293437280e-07
6.672847138874155346e-07
5.539419237940472612e-07
6.204262100011248801e-07
5.477891901213915046e-07
5.958812375088847952e-07
6.608806591684311590e-07
6.277338160814502603e-07
5.607895957271764560e-07
6.844670467050476386e-07
5.293786552478669711e-07
5.460822567429288473e-07
5.171422261171871790e-07
5.845512963124536388e-07
4.849673846717941861e-07
5.717878836197388129e-07
5.369966161961544184e-07
6.343938451652332876e-07
5.685495744397317370e-07
5.972688313649139651e-07
6.613877628595874609e-07
5.860726958776103487e-07
5.587040974031960266e-07
6.168077578643526984e-07
5.566510995128815874e-07
5.125300043246736171e-07
5.614252139677732766e-07
5.217305781313761662e-07
5.477818010487478254e-07
5.101581237683274175e-07
4.889195047808279130e-07
6.624319243753051328e-07
5.361226352367991664e-07
5.872139397788509477e-07
6.785056707480638922e-07
6.199433511702903730e-07
5.150564828798487552e-07
6.482025055015524298e-07
6.167107066392231957e-07
4.945343928776642186e-07
6.601673686971357992e-07
6.103757123849866388e-07
5.756577932925862985e-07
5.391169257183547081e-07
5.117595163275031872e-07
6.484752639035123260e-07
5.201959617414672036e-07
5.682377006939965197e-07
5.456198949540605074e-07
6.734627080202511016e-07
5.761648786428065858e-07
6.325313501534686987e-07
6.108740880833136011e-07
6.256330491197296096e-07
5.844593958651446916e-07
5.060827974257275184e-07
6.174118236232604115e-07
6.006189684549930678e-07
5.758416261340265217e-07
6.297620904098388043e-07
5.586525431902194095e-07
4.200666602284094582e-07
5.350241990508466145e-07
5.261797289922618117e-07
5.638377848695225787e-07
6.005421125575207795e-07
5.993074198656311890e-07
5.944207579683098456e-07
6.297354931479168165e-07
5.305221276224395688e-07
6.528334755498143892e-07
6.200855366051444207e-07
5.359306889014847411e-07
6.230207534863987254e-07
6.954282428366926896e-07
5.803412074607489234e-07
6.373267236309018774e-07
5.949517269289837337e-07
6.231553014588016201e-07
6.107258894006868511e-07
6.080966179755647534e-07
4.716887159136308676e-07
5.988085518201038487e-07
